example-files/ALL.chr17.7500000-7515000.phase3_shapeit2_mvncall_integrated_v5a.20130502.genotypes.vcf:17	7501832	rs368364378	T	C	100	PASS	AC=30;AF=0.00599042;AN=5008;NS=2504;DP=19434;EAS_AF=0;AMR_AF=0;AFR_AF=0;EUR_AF=0;SAS_AF=0.0307;AA=T|||;VT=SNP	GT	0|0	0|0	0|0	0|0	0|0
example-files/ALL.chr17.7500000-7515000.phase3_shapeit2_mvncall_integrated_v5a.20130502.genotypes.vcf:17	7501887	rs533720776	A	G	100	PASS	AC=1;AF=0.000199681;AN=5008;NS=2504;DP=18419;EAS_AF=0.001;AMR_AF=0;AFR_AF=0;EUR_AF=0;SAS_AF=0;AA=A|||;VT=SNP	GT	0|0	0|0	0|0	0|0	0|0
